        close      high       low      open        time  volumefrom   volumeto           timestamp
0    14649.98  14674.00  14625.77  14625.83  1514019600        6.62   96902.88 2017-12-23 18:00:00
1    14649.99  14694.84  14625.78  14649.98  1514019660       10.47  153492.78 2017-12-23 18:01:00
2    14650.00  14650.00  14649.99  14649.99  1514019720        6.02   88244.60 2017-12-23 18:02:00
3    14650.00  14694.00  14649.99  14650.00  1514019780        6.69   98018.35 2017-12-23 18:03:00
4    14654.12  14692.40  14637.14  14650.00  1514019840       15.19  222709.01 2017-12-23 18:04:00
5    14654.17  14680.00  14654.11  14654.12  1514019900        5.51   80749.44 2017-12-23 18:05:00
6    14660.00  14679.97  14654.11  14654.17  1514019960        6.32   92729.09 2017-12-23 18:06:00
7    14645.85  14670.89  14637.14  14660.00  1514020020        9.53  139642.28 2017-12-23 18:07:00
8    14633.07  14645.86  14625.44  14645.85  1514020080        3.80   55593.50 2017-12-23 18:08:00
9    14620.00  14633.07  14620.00  14633.07  1514020140        3.58   52307.97 2017-12-23 18:09:00
10   14620.01  14620.01  14620.00  14620.00  1514020200        9.05  132241.33 2017-12-23 18:10:00
11   14583.54  14620.01  14550.02  14620.01  1514020260       20.27  295966.87 2017-12-23 18:11:00
12   14500.01  14583.55  14500.00  14583.54  1514020320       14.12  205252.39 2017-12-23 18:12:00
13   14494.99  14500.01  14460.00  14500.01  1514020380       10.69  154844.96 2017-12-23 18:13:00
14   14494.98  14495.00  14494.98  14494.99  1514020440        4.40   63810.86 2017-12-23 18:14:00
15   14463.81  14494.98  14452.00  14494.98  1514020500       30.57  442396.98 2017-12-23 18:15:00
16   14497.00  14497.00  14463.80  14463.81  1514020560       10.58  153270.04 2017-12-23 18:16:00
17   14545.00  14545.00  14497.00  14497.00  1514020620        4.62   67050.75 2017-12-23 18:17:00
18   14594.00  14594.00  14544.99  14545.00  1514020680       12.76  185957.57 2017-12-23 18:18:00
19   14599.99  14600.00  14594.00  14594.00  1514020740        7.35  107339.25 2017-12-23 18:19:00
20   14564.19  14600.00  14527.35  14599.99  1514020800       15.53  226167.88 2017-12-23 18:20:00
21   14595.99  14596.00  14564.18  14564.19  1514020860        7.23  105353.23 2017-12-23 18:21:00
22   14612.50  14612.50  14595.99  14595.99  1514020920        3.92   57250.93 2017-12-23 18:22:00
23   14612.50  14612.50  14612.49  14612.50  1514020980        5.70   83264.20 2017-12-23 18:23:00
24   14637.88  14660.00  14612.50  14612.50  1514021040        9.05  132422.72 2017-12-23 18:24:00
25   14645.25  14645.25  14637.88  14637.88  1514021100        3.02   44205.43 2017-12-23 18:25:00
26   14670.07  14670.07  14645.24  14645.25  1514021160        6.01   88119.61 2017-12-23 18:26:00
27   14663.33  14731.35  14661.25  14670.07  1514021220       12.83  188543.52 2017-12-23 18:27:00
28   14720.50  14727.30  14650.07  14663.33  1514021280       17.23  253406.96 2017-12-23 18:28:00
29   14669.65  14720.50  14666.34  14720.50  1514021340        3.88   57011.49 2017-12-23 18:29:00
30   14671.44  14710.00  14669.65  14669.65  1514021400        4.94   72567.85 2017-12-23 18:30:00
31   14670.02  14709.34  14670.01  14671.44  1514021460        3.70   54317.14 2017-12-23 18:31:00
32   14696.00  14710.00  14670.00  14670.02  1514021520        3.36   49274.78 2017-12-23 18:32:00
33   14671.08  14696.00  14670.01  14696.00  1514021580        3.81   55980.13 2017-12-23 18:33:00
34   14678.21  14700.00  14671.08  14671.08  1514021640        4.25   62385.46 2017-12-23 18:34:00
35   14710.00  14710.00  14678.20  14678.21  1514021700        3.24   47582.82 2017-12-23 18:35:00
36   14710.95  14710.96  14709.99  14710.00  1514021760       14.19  208717.91 2017-12-23 18:36:00
37   14710.00  14736.98  14710.00  14710.95  1514021820        6.37   93712.84 2017-12-23 18:37:00
38   14684.50  14721.25  14684.19  14710.00  1514021880        9.73  142971.97 2017-12-23 18:38:00
39   14719.99  14720.00  14684.50  14684.50  1514021940        5.27   77443.56 2017-12-23 18:39:00
40   14718.93  14720.00  14702.74  14719.99  1514022000       10.77  158494.24 2017-12-23 18:40:00
41   14686.16  14718.94  14683.96  14718.93  1514022060        4.92   72270.07 2017-12-23 18:41:00
42   14714.99  14718.99  14686.16  14686.16  1514022120        3.82   56220.14 2017-12-23 18:42:00
43   14690.02  14714.99  14670.00  14714.99  1514022180       12.18  179017.14 2017-12-23 18:43:00
44   14683.20  14690.02  14670.20  14690.02  1514022240        3.85   56453.75 2017-12-23 18:44:00
45   14683.20  14683.21  14683.20  14683.20  1514022300       10.69  156995.85 2017-12-23 18:45:00
46   14749.77  14749.80  14683.20  14683.20  1514022360        5.93   87268.70 2017-12-23 18:46:00
47   14777.96  14780.00  14749.77  14749.77  1514022420       17.45  257578.85 2017-12-23 18:47:00
48   14799.98  14799.98  14768.33  14777.96  1514022480       16.13  238652.21 2017-12-23 18:48:00
49   14799.99  14799.99  14799.98  14799.98  1514022540       17.43  257908.95 2017-12-23 18:49:00
50   14800.00  14800.00  14799.98  14799.99  1514022600       20.19  298842.66 2017-12-23 18:50:00
51   14804.99  14805.00  14799.99  14800.00  1514022660       23.97  354736.67 2017-12-23 18:51:00
52   14805.21  14805.22  14804.99  14804.99  1514022720        5.29   78372.87 2017-12-23 18:52:00
53   14845.00  14845.00  14805.21  14805.21  1514022780       11.03  163658.62 2017-12-23 18:53:00
54   14860.01  14871.60  14844.99  14845.00  1514022840       35.85  532328.38 2017-12-23 18:54:00
55   14871.56  14871.60  14860.00  14860.01  1514022900        6.45   95852.48 2017-12-23 18:55:00
56   14850.00  14871.56  14829.00  14871.56  1514022960        9.90  147075.63 2017-12-23 18:56:00
57   14873.00  14873.00  14850.00  14850.00  1514023020        8.49  126172.46 2017-12-23 18:57:00
58   14863.52  14873.00  14860.12  14873.00  1514023080        4.01   59589.50 2017-12-23 18:58:00
59   14863.52  14863.52  14863.51  14863.52  1514023140        4.63   68868.51 2017-12-23 18:59:00
60   14871.23  14871.23  14863.52  14863.52  1514023200        5.06   75214.12 2017-12-23 19:00:00
61   14872.99  14873.00  14871.22  14871.23  1514023260        3.29   48894.86 2017-12-23 19:01:00
62   14872.99  14873.00  14872.99  14872.99  1514023320        3.24   48116.83 2017-12-23 19:02:00
63   14872.99  14873.00  14872.99  14872.99  1514023380        6.11   90828.13 2017-12-23 19:03:00
64   14860.00  14873.00  14860.00  14872.99  1514023440       12.58  187057.56 2017-12-23 19:04:00
65   14845.85  14860.01  14814.20  14860.00  1514023500       14.10  209245.53 2017-12-23 19:05:00
66   14848.04  14860.00  14813.28  14845.85  1514023560       10.80  160333.50 2017-12-23 19:06:00
67   14869.81  14872.99  14829.34  14848.04  1514023620       11.92  177009.02 2017-12-23 19:07:00
68   14849.99  14869.81  14825.00  14869.81  1514023680        5.14   76345.17 2017-12-23 19:08:00
69   14844.46  14866.52  14809.50  14849.99  1514023740        7.51  111370.08 2017-12-23 19:09:00
70   14822.51  14844.46  14809.61  14844.46  1514023800        5.23   77489.37 2017-12-23 19:10:00
71   14809.17  14850.00  14809.17  14822.51  1514023860        6.27   92915.71 2017-12-23 19:11:00
72   14782.00  14809.71  14782.00  14809.17  1514023920        6.50   96154.79 2017-12-23 19:12:00
73   14791.38  14791.39  14752.02  14782.00  1514023980       10.90  161093.14 2017-12-23 19:13:00
74   14769.12  14791.39  14755.18  14791.38  1514024040        6.93  102323.01 2017-12-23 19:14:00
75   14779.99  14788.67  14769.12  14769.12  1514024100        7.01  103563.93 2017-12-23 19:15:00
76   14812.46  14826.96  14779.99  14779.99  1514024160        6.62   98072.20 2017-12-23 19:16:00
77   14812.00  14829.87  14812.00  14812.46  1514024220        2.87   42473.83 2017-12-23 19:17:00
78   14769.21  14838.37  14752.02  14812.00  1514024280        6.74   99593.27 2017-12-23 19:18:00
79   14799.67  14800.00  14769.21  14769.21  1514024340        3.28   48440.74 2017-12-23 19:19:00
80   14788.49  14800.00  14769.21  14799.67  1514024400        4.81   71098.26 2017-12-23 19:20:00
81   14788.49  14788.49  14752.02  14788.49  1514024460        2.12   31341.10 2017-12-23 19:21:00
82   14752.11  14788.49  14722.00  14788.49  1514024520        8.87  130903.89 2017-12-23 19:22:00
83   14738.05  14752.11  14722.00  14752.11  1514024580        3.08   45366.53 2017-12-23 19:23:00
84   14729.01  14738.05  14729.00  14738.05  1514024640       12.74  187708.03 2017-12-23 19:24:00
85   14684.45  14729.01  14684.44  14729.01  1514024700       16.57  243484.14 2017-12-23 19:25:00
86   14684.44  14684.45  14684.44  14684.45  1514024760        9.03  132639.22 2017-12-23 19:26:00
87   14684.44  14684.45  14684.44  14684.44  1514024820        4.57   67155.84 2017-12-23 19:27:00
88   14684.44  14684.45  14684.44  14684.44  1514024880        3.70   54286.39 2017-12-23 19:28:00
89   14684.44  14684.45  14684.44  14684.44  1514024940        5.63   82706.84 2017-12-23 19:29:00
90   14684.45  14684.45  14684.44  14684.44  1514025000        9.85  144583.83 2017-12-23 19:30:00
91   14717.20  14738.05  14684.44  14684.45  1514025060        9.23  135770.63 2017-12-23 19:31:00
92   14734.97  14734.98  14717.20  14717.20  1514025120        3.31   48793.89 2017-12-23 19:32:00
93   14737.52  14737.53  14734.97  14734.97  1514025180        2.85   41932.64 2017-12-23 19:33:00
94   14738.04  14738.05  14737.52  14737.52  1514025240        4.91   72395.30 2017-12-23 19:34:00
95   14799.98  14799.98  14738.04  14738.04  1514025300       12.67  187002.27 2017-12-23 19:35:00
96   14800.00  14800.00  14799.97  14799.98  1514025360        4.09   60488.59 2017-12-23 19:36:00
97   14799.99  14800.00  14799.99  14799.99  1514025420        4.61   68248.94 2017-12-23 19:37:00
98   14800.00  14800.00  14799.99  14799.99  1514025480        2.66   39349.45 2017-12-23 19:38:00
99   14854.99  14855.00  14799.99  14800.00  1514025540        8.07  119715.95 2017-12-23 19:39:00
100  14859.10  14854.99  14854.99  14854.99  1514025600        0.10    1485.50 2017-12-23 19:40:00